SNP	CPMA	CPMA_p	trexQTL	predicted_T	predicted_L	trexQTL_p
SNP0	26.198589761382962	3.080474110239706e-07	56.00597362073546	0.16435543348195678	5.828636098449422	7.227551890309769e-14
SNP1	84.04491260963323	0.0	118.84850134301746	0.2064081265216567	7.052661276443893	0.0
SNP2	70.241644262264	0.0	114.46957849546072	0.17935448510004393	7.725031808627401	0.0
SNP3	58.7194280793444	1.8207657603852567e-14	98.56621059137223	0.1953809977430062	6.72870269212395	0.0
SNP4	59.8785581332331	1.0103029524088925e-14	107.34446805342219	0.17332031951058183	7.793784565863887	0.0
SNP5	80.05385513811265	0.0	125.41482178569436	0.17048704555519245	8.453369466197108	0.0
SNP6	42.44701394035377	7.262324075441029e-11	74.2461419816608	0.1889001746383482	6.046333194111017	0.0
SNP7	36.83411652968415	1.2861969267419227e-09	46.473917289838084	0.2996652258315072	3.4931784831592325	9.284573110335259e-12
SNP8	58.78215239281508	1.765254609153999e-14	101.66629002532704	0.15073198168420104	8.117310715894288	0.0
SNP9	44.23558413869155	2.9114044508560255e-11	89.70066026687493	0.16271936158482792	7.414330876101503	0.0
SNP10	1.1771685941988075	0.2779331681554519	1.0384523978730726	0.5288699489323255	1.189973636297575	0.3081816765466807
SNP11	0.0006906301510333224	0.9790341322700237	0.0010916638622404662	0.49992235583520617	1.0083371809023187	0.9736424209964591
SNP12	0.0010354992109348204	0.9743291646693399	0.0008791703343149493	0.5000177920325463	0.9945154027789423	0.9763455452676948
SNP13	5.172783906666432	0.022943419328736003	4.350590134133768	0.6456987151098165	1.3363210489396173	0.03699612445005451
SNP14	0.0067407139944914984	0.9345657209350609	0.005894867978156526	0.5000786321174375	1.0144753065411412	0.9388001178433972
SNP15	1.4922824921540254	0.22186265575581532	1.6921172403096136	0.45421440424588255	1.311603199685018	0.19332210530755145
SNP16	2.7487816484789604	0.09732856660163047	6.50488424014722	0.2638571039387102	0.2487402701061309	0.010757856757803386
SNP17	0.024071398935133104	0.8767033790097642	0.023295752765875477	0.5001165884369079	1.0303117931490384	0.8786904896468307
SNP18	3.7599617474464253	0.05249377944696021	3.136048510220604	0.6103649974892336	0.7472512060157539	0.07657913092617386
SNP19	0.022624469653471202	0.8804377388484017	0.021483557113867846	0.5002835858512455	1.028848989817429	0.8834693011986193
SNP20	0.985581724219248	0.3208246426034881	0.9646965123827158	0.5069458436372322	1.1987472613115637	0.3260064246076343
SNP21	0.08349768028416182	0.7726122543337641	0.08112086427593113	0.5006055936500198	1.0569149599489132	0.7757841579471845
SNP22	1.5659737612167035	0.21079268591384037	1.4597501957874215	0.5221657008622342	0.7866831638172556	0.2269698713900602
SNP23	0.015188729045512606	0.9019150229803737	0.013824236815167978	0.5002733126146085	1.0226224269236095	0.9064032143821087
SNP24	1.4868164468846494	0.22271106377774352	1.3080527764100793	0.5370200186004469	1.2111984592335951	0.25274751362301673
SNP25	0.0007088749086350266	0.9787590686168344	0.0025146329009828605	0.49825531365203496	0.9802125346952297	0.9600059510756617
SNP26	0.1282082447381736	0.7202970737503037	0.10659395112719494	0.5044975124123507	1.0602481369452097	0.7440557033606048
SNP27	0.1924579482210369	0.6608787138088781	0.1784601384849509	0.5032067035219354	0.9201394616511771	0.6726999264355598
SNP28	0.5767809427508368	0.44757686199252167	0.43758169882659104	0.5254970346218816	0.8920867296332148	0.5082919817022385
SNP29	2.3167439313912865	0.12798768651307713	2.089511171045274	0.5486750517414845	1.2669340626748022	0.1483135200940624
SNP30	0.03229873700242214	0.8573735739116445	0.025987950110561542	0.5012714450366756	1.0292207268922973	0.8719297493674842
SNP31	5.3271853801786975	0.020995264466053154	4.764122901505601	0.6275492823655664	0.6945414161152983	0.029058861823286097
SNP32	0.09556964538509849	0.7572124421082954	0.08161800702697519	0.5029716572256404	0.947878795517474	0.7751165954787415
SNP33	1.0342235307281875	0.30916874196481314	1.1709349119617798	0.4578592306071904	1.2539607104516828	0.2792092245387383
SNP34	2.0149082346508074	0.15576068719806302	2.0286913445684718	0.5011467470392929	1.2972825354422854	0.15435346620238344
SNP35	0.4427137567138306	0.5058155404997586	0.35326525796838837	0.5178258984135973	0.8992251213945358	0.5522705413094191
SNP36	0.20337428264300073	0.6520108979188339	0.27462215197036244	0.4834367460513413	0.8772970602054628	0.6002479116017586
SNP37	1.0305064814836271	0.3100397394276978	1.1174289388532657	0.478604873060683	1.234303100153339	0.29047274419110014
SNP38	0.08282578488958237	0.7735039005315933	0.10827886356881322	0.4920141817460501	1.0771249955620772	0.7421121980351624
SNP39	0.00563793729811235	0.9401461283333192	0.005011774669554825	0.5000609761621115	1.0134532274968926	0.943561795776892
SNP40	0.3118902932337164	0.5765225358226376	0.3077294443348251	0.5015551039104502	0.8920010764047234	0.5790768426272725
SNP41	1.86837848532873	0.17166090918055898	1.805139649399564	0.51950294941608	1.2669321855946596	0.17909237620380036
SNP42	0.5533214396262238	0.4569637226508666	6.157227181642469	0.2494240718476126	0.23546359763949534	0.01308762131687069
SNP43	4.293345428186775	0.03826180853316519	3.7863072858003477	0.5973161719726963	1.3355773946291742	0.051673530436600834
SNP44	0.40686643537879696	0.5235642792122716	0.36497807197093834	0.5094450477594541	1.1157559932200183	0.5457544562240949
SNP45	0.018488670331162638	0.8918425860355641	0.01595141291019786	0.500548018515176	1.0236848756608101	0.8994953245507675
SNP46	0.00844267347332961	0.9267901864611011	0.00797877365616273	0.5000392442907903	1.0175113837745726	0.9288244358308364
SNP47	0.03386442994695349	0.8539954853638599	0.02822406191901905	0.5011731540777112	1.030996702146842	0.8665831341029211
SNP48	3.9750037141266503	0.04618035148725552	3.398087501037139	0.6160329940500785	0.7370727314676842	0.06527205706389816
SNP49	2.424027043297883	0.11948740948068948	2.4968108709474848	0.4901917123015156	1.33994589928101	0.11407709436905367
SNP50	2.3103023084314245	0.12851905248332596	2.1768762014982315	0.5314617158977476	1.2850113068877613	0.14009856672362098
SNP51	0.21337941641708014	0.6441314485570999	0.19387962007533588	0.504266029689114	0.9178255666463423	0.659707069658388
SNP52	4.132908963992456	0.042056996708550676	3.697280783919524	0.5897382056998771	0.7123520695986916	0.05450122103088151
SNP53	0.07804092960452191	0.7799700481853179	0.08771598560426241	0.49761263147785645	1.0638063142445482	0.7671011390542419
SNP54	0.009187550430622027	0.9236383472465395	0.011964182679008672	0.4991513117655801	0.9748658481400476	0.9129003773813223
SNP55	0.08974444109736535	0.7645022975347573	0.08274654962380623	0.5016662129763635	1.0559676687312856	0.7736093083735216
SNP56	2.352936718629312	0.12504723764681624	2.7468908623145865	0.4145513944992537	1.4416243894444773	0.09744374526380306
SNP57	0.04911085286616501	0.8246177417466836	0.05150247188677781	0.49942054379567863	0.953586941408563	0.8204691844343248
SNP58	1.0996911508362217	0.2943338937704766	1.4203713548121186	0.40655697439148897	1.343831466848382	0.2333422895741285
SNP59	0.8806053510018224	0.3480359322762746	0.8312100115642806	0.5130086585065338	0.8332816925127614	0.36192287477921614
SNP60	0.5043168827996691	0.47760943777762765	0.5213994957300372	0.4975054111124078	1.1514727332772268	0.47024530677418086
SNP61	0.9500511101498681	0.329706288006103	0.9799068842364704	0.4959541726920603	1.2089193537116583	0.3222217960247331
SNP62	1.8145926525732072	0.17795827863170677	1.5415535898016515	0.5553161418006061	1.2212590024271976	0.21438670450763042
SNP63	0.15595749014085847	0.6929059625122722	0.17505203766751265	0.49480780475783315	0.9110019903903477	0.6756603844391025
SNP64	0.12968757928599572	0.7187561875179036	0.14235654617675664	0.49673916202889246	0.9209734301370859	0.705949435210579
SNP65	0.8688599029564479	0.3512711291379782	0.8026952901629159	0.5158022950325071	1.1737843437537643	0.37028874188131955
SNP66	1.9427331409156174	0.16337208098909728	1.8154463793583773	0.5309513897396819	1.259229116984284	0.1778562641439051
SNP67	0.4423456242681567	0.5059924898068473	0.4871190555533076	0.4894150831590139	1.1527539053493303	0.48521525003423116
SNP68	0.1673040330858271	0.6825189979840733	0.13235378522404062	0.5068694784041844	1.0654110752654369	0.7160039292023026
SNP69	2.8694189506520935	0.09027745760843975	3.194535737932	0.36941254422043096	0.5291543176036719	0.0738847460067229
SNP70	0.7342003348007893	0.3915250754033871	0.6999536389693048	0.5098872056034081	0.8448420079998373	0.4027992726620272
SNP71	0.668750619260642	0.4134875373794533	0.6988948800831736	0.492497942226443	1.1777040815982922	0.4031552798697491
SNP72	0.06010012982464108	0.8063377512037311	0.06697411898386463	0.4978904888710269	0.9451497138381268	0.7957945087114012
SNP73	0.9752459020961481	0.32337534156145165	0.7276222870817435	0.5441725013552472	0.8667674363951131	0.39365498514667574
SNP74	0.18572376775497546	0.6664997784897395	0.17604327031435218	0.5023289708630873	1.0829659959437141	0.6747958765769291
SNP75	0.20051475686293152	0.6543056695660967	0.18379279456055997	0.504049745206642	0.9196498996414182	0.6681338320408543
SNP76	0.42801636978578017	0.5129638939664546	0.36587069907329806	0.513325939761991	1.112739306288865	0.5452637398164684
SNP77	0.4066331772252134	0.5236833372251322	0.35125162195399184	0.5116669571839323	1.1111520929699616	0.5534054709796254
SNP78	1.9163666175996141	0.16625775610908	1.72237129493638	0.5501721769448105	0.785122931153284	0.189388093198531
SNP79	0.45752855188522723	0.49878127839672715	0.4453845562728418	0.5039470053221107	1.1343547636708644	0.504534943569694
SNP80	0.6045473287285112	0.4368482551547266	0.6603432481409186	0.48648448173777725	0.829965265348955	0.4164387899366325
SNP81	1.1784342258022455	0.27767498669665436	0.8971727809143317	0.5515343944028376	0.8528964102608678	0.3435409253210493
SNP82	0.16162375614498892	0.6876659429226823	0.1705250017557205	0.49756451824970077	0.9154729653906981	0.6796456429295216
SNP83	0.0017237071959751438	0.966883299754909	0.0020866762870639377	0.49993422467417653	0.9898996787374913	0.9635651836995762
SNP84	0.05029907524365829	0.8225436754480024	0.05101443367715319	0.4997802715551882	0.9546071439787527	0.8213073924051505
SNP85	0.03375913268580888	0.854220106756101	0.031824062297857836	0.5004680911632757	1.0350131747887492	0.8584143466567449
SNP86	0.016538531231674813	0.8976724088448033	0.015087572705141383	0.5002843100714244	1.0236627694577485	0.9022405448451147
SNP87	1.5644136282579204	0.21102014860802976	1.6315861120206705	0.49013409403634284	1.2756390646711198	0.2014838072762768
SNP88	0.9469941949739251	0.33048558104273507	0.8589378059730848	0.5219538841880967	0.8367581761330464	0.3540361098016257
SNP89	0.0237289414309787	0.8775766101842785	0.020332912138314896	0.500751450613429	0.9736743913190992	0.8866112149409957
SNP90	1.8509212426273152	0.17367628639683097	1.8964860408690924	0.5007760046910958	1.290301784434035	0.16847217079699828
SNP91	0.0052233252685127685	0.9423849886432518	0.0054371243971900185	0.49996482123010166	1.0151553074668498	0.9412197692472183
SNP92	0.41284458211278263	0.5205292275130706	0.3707298250250233	0.5094487834807335	1.1167375275799896	0.5426067195206272
SNP93	0.07626174930161778	0.7824287886883322	0.11513514319381102	0.4845680097652897	0.911980597581736	0.7343719177913868
SNP94	0.7408623870957882	0.389384764766706	0.6832621164233217	0.5147627447276969	0.8505608741196307	0.40846568431476005
SNP95	0.18728295799507677	0.6651876745886528	0.14526204781910224	0.5081153650815242	1.0678128043332313	0.7031048691316184
SNP96	0.10309288469733335	0.7481491546018189	0.10916128683123816	0.498283687618594	0.9320875463373478	0.7411010264891287
SNP97	0.2602855382055296	0.6099240540959978	0.20536346771999092	0.5107507296643801	0.922177342098859	0.6504260002653315
SNP98	4.695407016698546	0.03024333512557753	3.9082909039072717	0.6379952505605246	0.7303851700006655	0.04804843729088859
SNP99	1.0649898731450946	0.3020798633122789	0.9267841668059873	0.5288418174424354	0.8356234282356851	0.3356999538695412
